Cooling Rate	Total Wire Length
63971.8	127.944
47978.8	127.944
35984.1	127.944
26988.1	127.944
20241.1	127.944
15180.8	127.944
11385.6	127.944
8539.2	127.944
6404.4	127.944
4803.3	122.658
3602.48	122.658
2701.86	115.394
2026.39	112.531
1519.79	112.531
1139.85	111.5
854.884	111.5
641.163	106.199
480.872	106.199
360.654	102.45
270.491	102.45
202.868	100.44
152.151	100.44
114.113	100.44
85.585	100.44
64.1887	100.44
48.1415	100.44
36.1062	100.44
27.0796	100.44
20.3097	100.44
15.2323	100.44
11.4242	100.44
8.56816	100.44
6.42612	100.44
4.81959	100.44
3.61469	100.44
2.71102	100.44
2.03326	100.44
1.52495	100.44
1.14371	100.44
0.857783	100.44
0.643338	98.7819
0.482503	98.7819
0.361877	98.7819
0.271408	97.1355
0.203556	97.1355
0.152667	97.1355
0.1145	97.1355
0.0858752	97.1355
0.0644064	97.1355
0.0483048	97.1355
0.0362286	97.1355
0.0271715	97.1355
0.0203786	97.1355
0.0152839	96.53
0.011463	96.53
0.00859722	96.53
0.00644791	94.53
0.00483593	94.53
0.00362695	94.53
0.00272021	94.53
0.00204016	94.53
0.00153012	94.53
0.00114759	93.2939
0.000860692	93.2939
0.000645519	93.2939
0.000484139	91.9058
0.000363105	91.9058
0.000272328	91.9058
0.000204246	91.9058
0.000153185	90.3003
0.000114889	90.3003
8.61664e-005	90.3003
6.46248e-005	86.891
4.84686e-005	86.891
3.63515e-005	85.5215
2.72636e-005	85.5215
2.04477e-005	85.5215
1.53358e-005	85.5215
1.15018e-005	84.9843
8.62637e-006	84.9843
6.46978e-006	84.9843
4.85233e-006	84.9843
3.63925e-006	82.6932
2.72944e-006	82.6932
2.04708e-006	82.1074
1.53531e-006	82.1074
1.15148e-006	82.1074
8.63611e-007	82.1074
6.47708e-007	82.1074
4.85781e-007	81.0495
3.64336e-007	81.0495
2.73252e-007	81.0495
2.04939e-007	81.0495
1.53704e-007	81.0495
1.15278e-007	81.0495
8.64586e-008	81.0495
6.4844e-008	81.0495
4.8633e-008	81.0495
3.64747e-008	81.0495
2.73561e-008	81.0495
2.0517e-008	81.0495
1.53878e-008	80.3992
1.15408e-008	80.3992
8.65563e-009	80.3992
6.49172e-009	80.3992
4.86879e-009	80.3992
3.65159e-009	79.1631
2.73869e-009	79.1631
2.05402e-009	79.1631
1.54052e-009	79.1631
1.15539e-009	79.1631
8.6654e-010	79.1631
6.49905e-010	79.1631
4.87429e-010	79.1631
3.65572e-010	79.1631
2.74179e-010	79.1631
2.05634e-010	79.1631
1.54226e-010	79.1631
1.15669e-010	79.1631
8.67518e-011	79.1631
6.50639e-011	79.1631
4.87979e-011	79.1631
3.65984e-011	79.1631
2.74488e-011	79.1631
2.05866e-011	79.1631
1.544e-011	79.1631
1.158e-011	79.1631
8.68498e-012	79.1631
6.51374e-012	79.1631
4.8853e-012	79.1631
3.66398e-012	79.1631
2.74798e-012	79.1631
2.06099e-012	79.1631
1.54574e-012	79.1631
1.1593e-012	79.1631
8.69479e-013	79.0987
6.52109e-013	79.0987
4.89082e-013	79.0987
3.66811e-013	79.0987
2.75108e-013	79.0987
2.06331e-013	79.0987
1.54749e-013	79.0987
1.16061e-013	79.0987
8.7046e-014	79.0987
6.52845e-014	79.0987
4.89634e-014	79.0987
3.67226e-014	79.0987
2.75419e-014	79.0987
2.06564e-014	79.0987
1.54923e-014	79.0987
1.16192e-014	79.0987
8.71443e-015	79.0987
6.53583e-015	79.0987
4.90187e-015	79.0987
3.6764e-015	79.0987
2.7573e-015	79.0353
2.06798e-015	79.0353
1.55098e-015	79.0353
1.16324e-015	79.0353
8.72427e-016	79.0353
6.54321e-016	77.7303
4.9074e-016	77.7303
3.68055e-016	77.7303
2.76041e-016	75.6565
2.07031e-016	75.6565
1.55273e-016	75.4783
1.16455e-016	75.4783
8.73412e-017	75.4783
6.55059e-017	75.4783
4.91294e-017	75.4783
3.68471e-017	75.4783
2.76353e-017	75.4783
2.07265e-017	75.4783
1.55449e-017	75.4783
1.16586e-017	75.4783
8.74399e-018	75.4783
6.55799e-018	75.4783
4.91849e-018	75.4783
3.68887e-018	75.4783
2.76665e-018	75.4783
2.07499e-018	74.4783
1.55624e-018	74.4783
1.16718e-018	73.8926
8.75386e-019	73.8926
6.56539e-019	73.8926
4.92405e-019	73.8926
3.69303e-019	73.8926
2.76978e-019	73.8926
2.07733e-019	73.8926
1.558e-019	73.8926
1.1685e-019	73.8926
8.76374e-020	73.8926
6.57281e-020	73.8926
4.92961e-020	73.8926
3.6972e-020	73.8926
2.7729e-020	73.8926
2.07968e-020	73.8926
1.55976e-020	72.9084
1.16982e-020	72.9084
8.77364e-021	72.9084
6.58023e-021	72.9084
4.93517e-021	72.9084
3.70138e-021	72.9084
2.77603e-021	72.9084
2.08203e-021	72.9084
1.56152e-021	72.9084
1.17114e-021	72.9084
8.78355e-022	72.4942
6.58766e-022	72.4942
4.94074e-022	72.4942
3.70556e-022	72.4942
2.77917e-022	72.4942
2.08438e-022	72.4942
1.56328e-022	72.4942
1.17246e-022	72.4942
8.79346e-023	72.4942
6.5951e-023	72.4942
4.94632e-023	72.4942
3.70974e-023	72.4942
2.78231e-023	72.4942
2.08673e-023	72.4942
1.56505e-023	72.4942
1.17379e-023	72.4942
8.80339e-024	72.4942
6.60255e-024	72.4942
4.95191e-024	72.4942
3.71393e-024	72.4942
2.78545e-024	72.4942
2.08909e-024	72.4942
1.56681e-024	72.4942
1.17511e-024	72.4942
8.81333e-025	72.4942
6.61e-025	72.4942
4.9575e-025	72.4942
3.71813e-025	72.4942
2.78859e-025	72.4942
2.09145e-025	72.4942
1.56858e-025	72.4942
1.17644e-025	72.4942
8.82329e-026	72.4942
0.75	72.4942
63971.8	127.944
51177.4	127.944
40941.9	127.944
32753.5	127.944
26202.8	127.944
20962.3	127.944
16769.8	127.944
13415.9	127.944
10732.7	127.944
8586.15	122.658
6868.92	122.658
5495.13	115.394
4396.11	112.531
3516.89	112.531
2813.51	111.5
2250.81	111.5
1800.65	106.199
1440.52	106.199
1152.41	102.45
921.93	102.45
737.544	100.44
590.035	100.44
472.028	100.44
377.623	100.44
302.098	100.44
241.679	100.44
193.343	100.44
154.674	100.44
123.739	100.44
98.9915	100.44
79.1932	100.44
63.3546	100.44
50.6837	100.44
40.5469	100.44
32.4375	100.44
25.95	100.44
20.76	100.44
16.608	100.44
13.2864	100.44
10.6291	100.44
8.50331	100.44
6.80265	100.44
5.44212	100.44
4.35369	100.44
3.48295	100.44
2.78636	100.44
2.22909	100.44
1.78327	100.44
1.42662	100.44
1.14129	100.44
0.913036	100.44
0.730429	100.44
0.584343	100.44
0.467474	100.44
0.373979	100.44
0.299184	100.44
0.239347	99.3093
0.191477	99.3093
0.153182	99.3093
0.122546	99.3093
0.0980365	99.3093
0.0784292	99.3093
0.0627433	99.3093
0.0501947	99.3093
0.0401557	99.3093
0.0321246	99.3093
0.0256997	95.799
0.0205597	95.799
0.0164478	91.7887
0.0131582	91.7887
0.0105266	91.7887
0.00842127	91.7887
0.00673701	91.7887
0.00538961	91.7887
0.00431169	91.7887
0.00344935	91.7887
0.00275948	91.7887
0.00220758	91.7887
0.00176607	91.7887
0.00141285	91.7887
0.00113028	91.7887
0.000904227	90.951
0.000723381	90.951
0.000578705	89.7149
0.000462964	89.7149
0.000370371	89.7149
0.000296297	89.7149
0.000237038	89.7149
0.00018963	87.0647
0.000151704	86.145
0.000121363	86.145
9.70906e-005	86.145
7.76725e-005	86.145
6.2138e-005	86.145
4.97104e-005	86.145
3.97683e-005	81.0336
3.18146e-005	81.0336
2.54517e-005	81.0336
2.03614e-005	81.0336
1.62891e-005	81.0336
1.30313e-005	81.0336
1.0425e-005	81.0336
8.34002e-006	81.0336
6.67202e-006	81.0336
5.33761e-006	81.0336
4.27009e-006	81.0336
3.41607e-006	81.0336
2.73286e-006	81.0336
2.18629e-006	81.0336
1.74903e-006	81.0336
1.39922e-006	79.428
1.11938e-006	78.8422
8.95503e-007	78.8422
7.16402e-007	78.8422
5.73122e-007	78.8422
4.58497e-007	78.8422
3.66798e-007	78.8422
2.93438e-007	78.8422
2.34751e-007	78.8422
1.87801e-007	78.4478
1.5024e-007	75.3898
1.20192e-007	75.3898
9.61539e-008	73.5521
7.69231e-008	73.5521
6.15385e-008	73.5521
4.92308e-008	73.5521
3.93846e-008	73.5521
3.15077e-008	73.5521
2.52062e-008	73.5521
2.01649e-008	73.5521
1.61319e-008	73.5521
1.29056e-008	73.5521
1.03244e-008	73.5521
8.25956e-009	73.5521
6.60764e-009	73.5521
5.28612e-009	73.5521
4.22889e-009	73.4253
3.38311e-009	73.4253
2.70649e-009	73.4253
2.16519e-009	73.4253
1.73215e-009	73.4253
1.38572e-009	73.027
1.10858e-009	73.027
8.86863e-010	73.027
7.0949e-010	73.027
5.67592e-010	73.027
4.54074e-010	73.027
3.63259e-010	73.027
2.90607e-010	73.027
2.32486e-010	73.027
1.85989e-010	73.027
1.48791e-010	73.027
1.19033e-010	73.027
9.52262e-011	73.027
7.61809e-011	73.027
6.09448e-011	70.5074
4.87558e-011	70.5074
3.90046e-011	70.2713
3.12037e-011	68.2713
2.4963e-011	68.2713
1.99704e-011	67.3517
1.59763e-011	67.3517
1.2781e-011	67.3517
1.02248e-011	67.3517
8.17987e-012	67.3517
6.54389e-012	67.3517
5.23511e-012	67.3517
4.18809e-012	67.3517
3.35047e-012	67.3517
2.68038e-012	67.3517
2.1443e-012	67.3517
1.71544e-012	67.3517
1.37235e-012	67.3517
1.09788e-012	67.3517
8.78307e-013	67.3517
7.02645e-013	65.9309
5.62116e-013	65.9309
4.49693e-013	65.9309
3.59754e-013	65.9309
2.87803e-013	65.9309
2.30243e-013	65.9309
1.84194e-013	65.9309
1.47355e-013	65.9309
1.17884e-013	65.9309
9.43074e-014	65.9309
7.5446e-014	65.9309
6.03568e-014	64.9309
4.82854e-014	64.9309
3.86283e-014	62.5035
3.09027e-014	62.5035
2.47221e-014	62.5035
1.97777e-014	62.5035
1.58222e-014	62.5035
1.26577e-014	62.5035
1.01262e-014	62.5035
8.10095e-015	62.5035
6.48076e-015	62.5035
5.18461e-015	62.5035
4.14769e-015	62.5035
3.31815e-015	62.5035
2.65452e-015	62.5035
2.12361e-015	62.5035
1.69889e-015	62.5035
1.35911e-015	62.5035
1.08729e-015	62.5035
8.69833e-016	62.5035
6.95866e-016	62.5035
5.56693e-016	62.5035
4.45354e-016	62.5035
3.56283e-016	62.5035
2.85027e-016	62.5035
2.28021e-016	62.5035
1.82417e-016	62.5035
1.45934e-016	61.9177
1.16747e-016	61.9177
9.33976e-017	61.9177
7.47181e-017	61.9177
5.97744e-017	61.9177
4.78196e-017	61.9177
3.82556e-017	61.0959
3.06045e-017	61.0959
2.44836e-017	61.0959
1.95869e-017	61.0959
1.56695e-017	61.0959
1.25356e-017	61.0959
1.00285e-017	61.0959
8.02279e-018	61.0959
6.41823e-018	61.0959
5.13459e-018	61.0959
4.10767e-018	61.0959
3.28613e-018	61.0959
2.62891e-018	61.0959
2.10313e-018	61.0959
1.6825e-018	61.0959
1.346e-018	61.0959
1.0768e-018	61.0959
8.61441e-019	61.0959
6.89152e-019	61.0959
5.51322e-019	61.0959
4.41058e-019	61.0959
0.8	61.0959
63971.8	127.944
54376	127.944
46219.6	127.944
39286.7	127.944
33393.7	127.944
28384.6	127.944
24126.9	127.944
20507.9	127.944
17431.7	127.944
14816.9	122.658
12594.4	122.658
10705.2	115.394
9099.46	112.531
7734.54	112.531
6574.36	111.5
5588.2	111.5
4749.97	106.199
4037.48	106.199
3431.86	102.45
2917.08	102.45
2479.52	100.44
2107.59	100.44
1791.45	100.44
1522.73	100.44
1294.32	100.44
1100.17	100.44
935.148	100.44
794.876	100.44
675.645	100.44
574.298	100.44
488.153	100.44
414.93	100.44
352.691	100.44
299.787	100.44
254.819	100.44
216.596	100.44
184.107	100.44
156.491	100.44
133.017	100.44
113.065	100.44
96.1049	100.44
81.6891	100.44
69.4358	100.44
59.0204	100.44
50.1673	100.44
42.6422	100.44
36.2459	100.44
30.809	100.44
26.1877	100.44
22.2595	100.44
18.9206	100.44
16.0825	100.44
13.6701	100.44
11.6196	100.44
9.87667	100.44
8.39517	100.44
7.13589	100.44
6.06551	100.44
5.15568	100.44
4.38233	100.44
3.72498	100.44
3.16623	100.44
2.6913	100.44
2.2876	100.44
1.94446	100.44
1.65279	100.44
1.40487	100.44
1.19414	100.44
1.01502	92.7844
0.862768	92.7844
0.733353	92.7844
0.62335	92.7844
0.529848	92.7844
0.450371	91.704
0.382815	91.704
0.325393	91.704
0.276584	91.704
0.235096	91.704
0.199832	91.704
0.169857	91.704
0.144378	91.704
0.122722	91.704
0.104313	91.704
0.0886664	91.704
0.0753665	91.704
0.0640615	91.704
0.0544523	91.3448
0.0462844	91.3448
0.0393418	91.3448
0.0334405	91.3448
0.0284244	91.3448
0.0241608	91.3448
0.0205366	91.3448
0.0174562	89.2167
0.0148377	89.2167
0.0126121	88.379
0.0107203	88.379
0.00911222	88.379
0.00774539	87.5654
0.00658358	86.9598
0.00559604	86.9598
0.00475664	86.9598
0.00404314	86.9598
0.00343667	81.7238
0.00292117	81.7238
0.00248299	81.7238
0.00211054	81.7238
0.00179396	81.7238
0.00152487	81.7238
0.00129614	81.7238
0.00110172	81.4877
0.00093646	81.4877
0.000795991	81.4877
0.000676592	81.4877
0.000575103	81.4877
0.000488838	81.4877
0.000415512	81.4877
0.000353185	81.4877
0.000300208	81.4877
0.000255176	81.4877
0.0002169	81.4877
0.000184365	81.4877
0.00015671	81.4877
0.000133204	81.4877
0.000113223	81.4877
9.62397e-005	81.4877
8.18037e-005	81.4877
6.95332e-005	81.0735
5.91032e-005	81.0735
5.02377e-005	80.9151
4.27021e-005	79.9151
3.62967e-005	79.9151
3.08522e-005	79.9151
2.62244e-005	79.9151
2.22907e-005	78.3452
1.89471e-005	78.3452
1.61051e-005	78.3452
1.36893e-005	78.3452
1.16359e-005	78.3452
9.89052e-006	78.3452
8.40694e-006	74.8899
7.1459e-006	74.8899
6.07401e-006	74.8899
5.16291e-006	74.8899
4.38848e-006	74.8899
3.7302e-006	74.8899
3.17067e-006	74.8899
2.69507e-006	74.8899
2.29081e-006	74.8899
1.94719e-006	74.8899
1.65511e-006	71.0101
1.40684e-006	71.0101
1.19582e-006	71.0101
1.01645e-006	71.0101
8.63979e-007	71.0101
7.34382e-007	71.0101
6.24224e-007	71.0101
5.30591e-007	71.0101
4.51002e-007	71.0101
3.83352e-007	71.0101
3.25849e-007	71.0101
2.76972e-007	71.0101
2.35426e-007	71.0101
2.00112e-007	71.0101
1.70095e-007	71.0101
1.44581e-007	71.0101
1.22894e-007	71.0101
1.0446e-007	71.0101
8.87908e-008	71.0101
7.54722e-008	71.0101
6.41513e-008	71.0101
5.45286e-008	71.0101
4.63493e-008	71.0101
3.93969e-008	71.0101
3.34874e-008	71.0101
2.84643e-008	69.7002
2.41946e-008	69.7002
2.05655e-008	69.7002
1.74806e-008	69.7002
1.48585e-008	69.7002
1.26298e-008	69.7002
1.07353e-008	69.7002
9.125e-009	69.7002
7.75625e-009	69.7002
6.59281e-009	69.7002
5.60389e-009	69.7002
4.76331e-009	69.538
4.04881e-009	69.538
3.44149e-009	69.538
2.92527e-009	69.538
2.48648e-009	69.538
2.1135e-009	69.538
1.79648e-009	69.538
1.52701e-009	69.538
1.29796e-009	69.538
1.10326e-009	69.538
9.37773e-010	68.3757
7.97107e-010	68.3757
6.77541e-010	68.3757
5.7591e-010	68.3757
4.89523e-010	68.3757
4.16095e-010	63.2526
3.53681e-010	63.2526
3.00629e-010	63.2526
2.55534e-010	63.2526
2.17204e-010	63.2526
1.84624e-010	63.2526
1.5693e-010	63.2526
1.33391e-010	63.2526
1.13382e-010	63.2526
9.63746e-011	63.2526
8.19184e-011	63.2526
6.96307e-011	63.2526
5.91861e-011	62.8449
5.03082e-011	62.8449
4.27619e-011	62.8449
3.63477e-011	62.8449
3.08955e-011	62.8449
2.62612e-011	62.8449
2.2322e-011	62.8449
1.89737e-011	62.8449
1.61276e-011	62.482
1.37085e-011	62.482
1.16522e-011	62.482
9.90439e-012	59.2394
8.41873e-012	59.2394
7.15592e-012	59.2394
6.08253e-012	59.2394
5.17015e-012	59.2394
4.39463e-012	59.2394
3.73544e-012	59.2394
3.17512e-012	59.2394
2.69885e-012	59.2394
2.29402e-012	59.2394
1.94992e-012	59.2394
1.65743e-012	59.2394
1.40882e-012	59.2394
1.1975e-012	59.2394
1.01787e-012	58.4175
8.6519e-013	58.4175
0.85	58.4175
63971.8	127.944
57574.6	127.944
51817.1	127.944
46635.4	127.944
41971.9	127.944
37774.7	127.944
33997.2	127.944
30597.5	127.944
27537.8	127.944
24784	122.658
22305.6	122.658
20075	115.394
18067.5	112.531
16260.8	112.531
14634.7	111.5
13171.2	111.5
11854.1	106.199
10668.7	106.199
9601.82	102.45
8641.64	102.45
7777.47	100.44
6999.73	100.44
6299.75	100.44
5669.78	100.44
5102.8	100.44
4592.52	100.44
4133.27	100.44
3719.94	100.44
3347.95	100.44
3013.15	100.44
2711.84	100.44
2440.65	100.44
2196.59	100.44
1976.93	100.44
1779.24	100.44
1601.31	100.44
1441.18	100.44
1297.06	100.44
1167.36	100.44
1050.62	100.44
945.559	100.44
851.003	100.44
765.903	100.44
689.313	100.44
620.381	100.44
558.343	100.44
502.509	100.44
452.258	100.44
407.032	100.44
366.329	100.44
329.696	100.44
296.727	100.44
267.054	100.44
240.348	100.44
216.314	100.44
194.682	100.44
175.214	100.44
157.693	100.44
141.923	100.44
127.731	100.44
114.958	100.44
103.462	100.44
93.1159	100.44
83.8043	100.44
75.4239	100.44
67.8815	100.44
61.0934	100.44
54.984	100.44
49.4856	98.1893
44.5371	98.1893
40.0834	98.1893
36.075	98.1893
32.4675	98.1893
29.2208	98.1893
26.2987	98.1893
23.6688	98.1893
21.3019	98.1893
19.1717	98.1893
17.2546	98.1893
15.5291	98.1893
13.9762	98.1893
12.5786	98.1893
11.3207	98.1893
10.1887	98.1893
9.16979	98.1893
8.25281	98.1893
7.42753	98.1893
6.68477	98.1893
6.0163	98.1893
5.41467	98.1893
4.8732	98.1893
4.38588	98.1893
3.94729	98.1893
3.55256	98.1893
3.19731	98.1893
2.87758	98.1893
2.58982	98.1893
2.33084	98.1893
2.09775	98.1893
1.88798	98.1893
1.69918	98.1893
1.52926	98.1893
1.37634	98.1893
1.2387	98.1893
1.11483	98.1893
1.00335	98.1893
0.903014	98.1893
0.812712	98.1893
0.731441	98.1893
0.658297	96.9932
0.592467	96.3876
0.533221	96.3876
0.479899	96.3876
0.431909	94.7028
0.388718	94.7028
0.349846	94.7028
0.314861	90.7028
0.283375	90.7028
0.255038	90.7028
0.229534	90.7028
0.206581	90.7028
0.185923	84.7156
0.16733	84.7156
0.150597	83.4795
0.135538	83.4795
0.121984	83.4795
0.109785	83.4795
0.0988069	83.4795
0.0889262	83.4795
0.0800336	83.4795
0.0720302	83.4795
0.0648272	83.4795
0.0583445	83.4795
0.05251	83.4795
0.047259	83.4795
0.0425331	83.4795
0.0382798	80.3564
0.0344518	80.3564
0.0310066	79.4302
0.027906	79.4302
0.0251154	79.4302
0.0226038	79.4302
0.0203435	79.4302
0.0183091	79.4302
0.0164782	79.4302
0.0148304	79.4302
0.0133473	79.4302
0.0120126	79.4302
0.0108113	79.4302
0.00973021	78.0607
0.00875719	78.0607
0.00788147	78.0607
0.00709332	77.4684
0.00638399	77.4684
0.00574559	77.4684
0.00517103	77.4684
0.00465393	77.4684
0.00418854	77.4684
0.00376968	77.4684
0.00339272	77.4684
0.00305344	77.4684
0.0027481	76.2323
0.00247329	76.2323
0.00222596	76.2323
0.00200336	76.2323
0.00180303	76.2323
0.00162273	76.2323
0.00146045	76.2323
0.00131441	76.2323
0.00118297	76.2323
0.00106467	76.2323
0.000958203	76.2323
0.000862383	76.2323
0.000776144	76.2323
0.00069853	76.2323
0.000628677	76.2323
0.000565809	76.2323
0.000509228	76.2323
0.000458305	76.2323
0.000412475	76.2323
0.000371227	76.2323
0.000334105	76.2323
0.000300694	76.2323
0.000270625	76.2323
0.000243562	76.2323
0.000219206	76.2323
0.000197285	76.2323
0.000177557	76.2323
0.000159801	75.582
0.000143821	75.582
0.000129439	75.582
0.000116495	75.582
0.000104846	75.582
9.4361e-005	75.582
8.49249e-005	75.582
7.64324e-005	75.582
6.87892e-005	75.582
6.19103e-005	75.582
5.57192e-005	75.582
5.01473e-005	73.1744
4.51326e-005	73.1744
4.06193e-005	73.1744
3.65574e-005	72.4253
3.29017e-005	69.9532
2.96115e-005	69.9532
2.66503e-005	69.9532
2.39853e-005	68.7909
2.15868e-005	68.7909
1.94281e-005	68.7909
1.74853e-005	68.7909
1.57368e-005	67.7198
1.41631e-005	66.5576
1.27468e-005	66.5576
1.14721e-005	66.5576
1.03249e-005	66.5576
9.2924e-006	66.5576
8.36316e-006	66.5576
7.52684e-006	66.5576
6.77416e-006	66.5576
6.09674e-006	66.5576
5.48707e-006	65.952
4.93836e-006	65.952
4.44453e-006	65.952
4.00007e-006	65.952
3.60007e-006	65.952
3.24006e-006	65.952
2.91605e-006	65.952
2.62445e-006	65.952
2.362e-006	65.952
2.1258e-006	65.952
1.91322e-006	65.952
1.7219e-006	65.952
1.54971e-006	65.952
1.39474e-006	65.952
1.25527e-006	65.952
1.12974e-006	65.952
1.01677e-006	65.952
9.15089e-007	65.952
8.2358e-007	65.952
7.41222e-007	65.952
0.9	65.952
63971.8	127.944
60773.2	127.944
57734.5	127.944
54847.8	127.944
52105.4	127.944
49500.1	127.944
47025.1	127.944
44673.9	127.944
42440.2	127.944
40318.2	122.658
38302.3	122.658
36387.2	115.394
34567.8	112.531
32839.4	112.531
31197.4	111.5
29637.6	111.5
28155.7	106.199
26747.9	106.199
25410.5	102.45
24140	102.45
22933	100.44
21786.3	100.44
20697	100.44
19662.2	100.44
18679.1	100.44
17745.1	100.44
16857.8	100.44
16015	100.44
15214.2	100.44
14453.5	100.44
13730.8	100.44
13044.3	100.44
12392.1	100.44
11772.5	100.44
11183.8	100.44
10624.6	100.44
10093.4	100.44
9588.75	100.44
9109.31	100.44
8653.84	100.44
8221.15	100.44
7810.09	100.44
7419.59	100.44
7048.61	100.44
6696.18	100.44
6361.37	100.44
6043.3	100.44
5741.14	100.44
5454.08	100.44
5181.38	100.44
4922.31	100.44
4676.19	100.44
4442.38	100.44
4220.26	100.44
4009.25	100.44
3808.79	100.44
3618.35	100.44
3437.43	100.44
3265.56	100.44
3102.28	100.44
2947.17	100.44
2799.81	100.44
2659.82	100.44
2526.83	100.44
2400.49	100.44
2280.46	100.44
2166.44	100.44
2058.12	100.44
1955.21	100.44
1857.45	100.44
1764.58	100.44
1676.35	100.44
1592.53	100.44
1512.9	100.44
1437.26	100.44
1365.4	100.44
1297.13	100.44
1232.27	100.44
1170.66	100.44
1112.12	100.44
1056.52	100.44
1003.69	100.44
953.507	100.44
905.832	100.44
860.54	100.44
817.513	100.44
776.638	100.44
737.806	100.44
700.915	100.44
665.87	100.44
632.576	100.44
600.947	100.44
570.9	100.44
542.355	100.44
515.237	100.44
489.475	100.44
465.002	100.44
441.752	100.44
419.664	100.44
398.681	100.44
378.747	100.44
359.809	100.44
341.819	100.44
324.728	100.44
308.492	100.44
293.067	100.44
278.414	100.44
264.493	100.44
251.268	100.44
238.705	100.44
226.77	100.44
215.431	100.44
204.66	100.44
194.427	100.44
184.705	100.44
175.47	100.44
166.697	100.44
158.362	100.44
150.444	94.2819
142.921	94.2819
135.775	94.2819
128.987	94.2819
122.537	94.2819
116.41	94.2819
110.59	94.2819
105.06	94.2819
99.8074	94.2819
94.817	94.2819
90.0762	94.2819
85.5724	94.2819
81.2937	94.2819
77.229	94.2819
73.3676	94.2819
69.6992	94.2819
66.2143	94.2819
62.9035	94.2819
59.7584	94.2819
56.7704	94.2819
53.9319	94.2819
51.2353	94.2819
48.6736	94.2819
46.2399	89.9297
43.9279	89.9297
41.7315	89.9297
39.6449	89.9297
37.6627	89.9297
35.7795	89.9297
33.9906	89.9297
32.291	89.9297
30.6765	89.9297
29.1427	89.9297
27.6855	89.9297
26.3012	89.9297
24.9862	89.9297
23.7369	89.9297
22.55	89.9297
21.4225	89.9297
20.3514	89.9297
19.3338	89.9297
18.3671	89.9297
17.4488	89.9297
16.5763	89.9297
15.7475	89.9297
14.9602	89.9297
14.2121	89.9297
13.5015	89.9297
12.8265	89.9297
12.1851	89.9297
11.5759	89.9297
10.9971	89.9297
10.4472	89.9297
9.92487	89.9297
9.42863	89.9297
8.9572	89.9297
8.50934	89.9297
8.08387	89.9297
7.67968	89.9297
7.29569	89.9297
6.93091	89.9297
6.58436	89.9297
6.25514	89.9297
5.94239	89.9297
5.64527	89.9297
5.363	89.9297
5.09485	89.9297
4.84011	89.9297
4.59811	89.9297
4.3682	89.9297
4.14979	89.9297
3.9423	89.9297
3.74519	89.9297
3.55793	89.9297
3.38003	89.9297
3.21103	89.9297
3.05048	89.9297
2.89795	89.9297
2.75306	89.9297
2.6154	89.9297
2.48463	89.9297
2.3604	89.9297
2.24238	89.9297
2.13026	89.9297
2.02375	89.9297
1.92256	89.9297
1.82643	89.9297
1.73511	89.9297
1.64836	89.9297
1.56594	89.9297
1.48764	89.9297
1.41326	89.9297
1.3426	89.9297
1.27547	89.9297
1.21169	89.9297
1.15111	89.9297
1.09355	89.9297
1.03888	89.9297
0.986932	89.9297
0.937585	89.9297
0.890706	89.9297
0.846171	89.9297
0.803862	89.9297
0.763669	89.9297
0.725486	89.9297
0.689211	89.9297
0.654751	89.9297
0.622013	89.9297
0.590913	89.9297
0.561367	81.4566
0.533299	81.4566
0.506634	81.4566
0.481302	81.4566
0.457237	79.851
0.434375	79.851
0.412656	79.851
0.392023	79.851
0.372422	79.851
0.353801	79.851
0.336111	75.7772
0.319306	75.7772
0.30334	75.7772
0.288173	75.7772
0.273765	75.7772
0.260076	75.3249
0.247073	75.3249
0.234719	75.3249
0.222983	75.3249
0.211834	75.3249
0.201242	75.3249
0.19118	75.3249
0.181621	75.3249
0.17254	75.3249
0.163913	75.3249
0.155717	75.3249
0.147931	75.3249
0.140535	75.3249
0.133508	75.3249
0.126833	75.3249
0.120491	75.3249
0.114467	75.3249
0.108743	75.3249
0.103306	75.3249
0.0981407	75.3249
0.0932337	75.3249
0.088572	75.3249
0.0841434	75.3249
0.0799363	75.3249
0.0759394	75.3249
0.0721425	75.3249
0.0685353	75.3249
0.0651086	75.3249
0.0618531	75.3249
0.0587605	75.3249
0.0558225	75.3249
0.0530313	75.3249
0.0503798	75.3249
0.0478608	75.3249
0.0454677	75.3249
0.0431944	75.3249
0.0410346	75.3249
0.0389829	74.8527
0.0370338	74.8527
0.0351821	74.8527
0.033423	74.8527
0.0317518	74.8527
0.0301642	74.8527
0.028656	74.8527
0.0272232	74.8527
0.0258621	73.3473
0.024569	73.3473
0.0233405	73.3473
0.0221735	73.3473
0.0210648	73.3473
0.0200116	73.3473
0.019011	73.3473
0.0180604	73.3473
0.0171574	73.3473
0.0162995	73.3473
0.0154846	73.3473
0.0147103	73.3473
0.0139748	73.3473
0.0132761	73.3473
0.0126123	73.3473
0.0119817	73.3473
0.0113826	73.3473
0.0108135	73.3473
0.0102728	73.3473
0.00975914	73.3473
0.00927118	73.3473
0.00880762	73.3473
0.00836724	73.3473
0.00794888	73.3473
0.00755144	73.3473
0.00717387	73.3473
0.00681517	73.3473
0.00647441	73.3473
0.00615069	73.3473
0.00584316	73.3473
0.005551	73.3473
0.00527345	73.3473
0.00500978	73.3473
0.00475929	72.3275
0.00452132	72.0204
0.00429526	72.0204
0.0040805	72.0204
0.00387647	72.0204
0.00368265	72.0204
0.00349851	72.0204
0.00332359	72.0204
0.00315741	72.0204
0.00299954	72.0204
0.00284956	69.6153
0.00270708	69.6153
0.00257173	69.6153
0.00244314	66.5667
0.00232099	66.5667
0.00220494	66.5667
0.00209469	66.5667
0.00198996	66.5667
0.00189046	66.5667
0.00179593	66.5667
0.00170614	66.0547
0.00162083	66.0547
0.00153979	66.0547
0.0014628	66.0547
0.00138966	66.0547
0.00132018	66.0547
0.00125417	66.0547
0.00119146	65.7382
0.00113189	65.7382
0.00107529	65.7382
0.00102153	65.7382
0.000970452	65.7382
0.000921929	65.7382
0.000875832	65.7382
0.000832041	65.7382
0.000790439	65.7382
0.000750917	65.7382
0.000713371	65.7382
0.000677702	65.7382
0.000643817	65.7382
0.000611626	65.7382
0.000581045	65.7382
0.000551993	65.7382
0.000524393	65.7382
0.000498174	65.7382
0.000473265	65.7382
0.000449602	65.7382
0.000427122	65.7382
0.000405766	65.7382
0.000385477	65.7382
0.000366203	65.7382
0.000347893	65.7382
0.000330499	65.7382
0.000313974	65.7382
0.000298275	65.7382
0.000283361	65.7382
0.000269193	65.7382
0.000255733	65.7382
0.000242947	65.7382
0.000230799	65.7382
0.000219259	65.7382
0.000208297	65.7382
0.000197882	65.7382
0.000187988	65.7382
0.000178588	65.1525
0.000169659	65.1525
0.000161176	65.1525
0.000153117	65.1525
0.000145461	65.1525
0.000138188	65.1525
0.000131279	65.1525
0.000124715	65.1525
0.000118479	65.1525
0.000112555	63.4335
0.000106927	63.4335
0.000101581	63.4335
9.65019e-005	63.4335
9.16769e-005	63.4335
8.7093e-005	62.7832
8.27384e-005	62.7832
7.86014e-005	62.7832
7.46714e-005	62.7832
7.09378e-005	62.7832
6.73909e-005	62.7832
6.40214e-005	62.7832
6.08203e-005	62.7832
5.77793e-005	61.7832
5.48903e-005	61.7832
5.21458e-005	61.7832
4.95385e-005	61.7832
4.70616e-005	61.7832
4.47085e-005	61.7832
4.24731e-005	61.7832
4.03494e-005	61.7832
3.8332e-005	61.3399
3.64154e-005	61.3399
3.45946e-005	61.3399
3.28649e-005	61.3399
3.12216e-005	61.1617
2.96605e-005	61.1617
2.81775e-005	61.1617
2.67686e-005	61.1617
2.54302e-005	61.1617
2.41587e-005	61.1617
2.29508e-005	61.1617
2.18032e-005	61.1617
2.07131e-005	61.1617
1.96774e-005	61.1617
1.86935e-005	61.1617
1.77589e-005	61.1617
1.68709e-005	61.1617
1.60274e-005	61.1617
1.5226e-005	61.1617
1.44647e-005	61.1617
1.37415e-005	61.1617
1.30544e-005	61.1617
1.24017e-005	61.1617
1.17816e-005	61.1617
1.11925e-005	61.1617
1.06329e-005	61.1617
1.01012e-005	61.1617
9.59618e-006	61.1617
9.11637e-006	61.1617
8.66055e-006	61.1617
8.22752e-006	61.1617
7.81615e-006	61.1617
7.42534e-006	61.1617
7.05407e-006	61.1617
6.70137e-006	61.1617
6.3663e-006	61.1617
6.04799e-006	61.1617
5.74559e-006	61.1617
5.45831e-006	61.1617
5.18539e-006	61.1617
4.92612e-006	61.1617
4.67982e-006	61.1617
4.44583e-006	61.1617
4.22353e-006	61.1617
4.01236e-006	61.1617
3.81174e-006	61.1617
3.62115e-006	61.1617
3.44009e-006	58.9995
3.26809e-006	58.9995
3.10469e-006	58.9995
2.94945e-006	58.9995
2.80198e-006	58.9995
2.66188e-006	58.9995
2.52879e-006	58.9995
2.40235e-006	58.9995
2.28223e-006	58.9995
2.16812e-006	58.3
2.05971e-006	58.3
1.95673e-006	58.3
1.85889e-006	58.3
1.76595e-006	58.3
1.67765e-006	58.3
1.59377e-006	58.3
1.51408e-006	58.3
1.43837e-006	58.3
1.36645e-006	58.3
0.95	58.3
