50003.3 97.8443
47503.1 97.8443
45128 97.8443
42871.6 97.8443
40728 97.8443
38691.6 97.8443
36757 97.8443
34919.2 97.8443
33173.2 97.8443
31514.5 97.8443
29938.8 97.8443
28441.9 97.8443
27019.8 97.8443
25668.8 97.8443
24385.4 97.8443
23166.1 97.8443
22007.8 97.8443
20907.4 97.8443
19862 97.8443
18868.9 97.8443
17925.5 97.8443
17029.2 97.8443
16177.7 97.8443
15368.9 97.8443
14600.4 97.8443
13870.4 97.8443
13176.9 97.8443
12518 97.8443
11892.1 97.8443
11297.5 97.8443
10732.6 97.8443
10196 97.8443
9686.21 97.8443
9201.9 97.8443
8741.81 97.8443
8304.71 97.8443
7889.48 97.8443
7495.01 97.8443
7120.25 97.8443
6764.24 97.8443
6426.03 97.8443
6104.73 97.8443
5799.49 97.8443
5509.52 97.8443
5234.04 97.8443
4972.34 97.8443
4723.72 97.8443
4487.54 97.8443
4263.16 97.8443
4050 97.8443
3847.5 97.8443
3655.13 97.8443
3472.37 97.8443
3298.75 97.8443
3133.81 97.8443
2977.12 97.8443
2828.27 97.8443
2686.85 97.8443
2552.51 97.8443
2424.89 97.8443
2303.64 97.8443
2188.46 97.8443
2079.04 97.8443
1975.08 97.8443
1876.33 97.8443
1782.51 97.8443
1693.39 97.8443
1608.72 97.8443
1528.28 97.8443
1451.87 97.8443
1379.28 97.8443
1310.31 97.8443
1244.8 97.8443
1182.56 97.8443
1123.43 97.8443
1067.26 97.8443
1013.89 97.8443
963.199 97.8443
915.039 97.8443
869.287 97.8443
825.823 97.8443
784.532 97.8443
745.305 97.8443
708.04 97.8443
672.638 97.8443
639.006 97.8443
607.056 97.8443
576.703 97.8443
547.868 97.8443
520.474 97.8443
494.451 97.8443
469.728 97.8443
446.242 97.8443
423.93 97.8443
402.733 97.8443
382.597 97.8443
363.467 97.8443
345.293 97.8443
328.029 97.8443
311.627 97.8443
296.046 97.8443
281.244 97.8443
267.181 97.8443
253.822 97.8443
241.131 97.8443
229.075 97.8443
217.621 97.8443
206.74 97.8443
196.403 97.8443
186.583 97.8443
177.254 97.8443
168.391 97.8443
159.971 97.8443
151.973 97.8443
144.374 97.8443
137.155 97.8443
130.298 97.8443
123.783 97.8443
117.594 97.8443
111.714 97.8443
106.128 97.8443
100.822 97.8443
95.7808 97.8443
90.9917 97.8443
86.4422 97.8443
82.12 97.8443
78.014 97.8443
74.1133 97.8443
70.4077 97.8443
66.8873 97.8443
63.5429 97.8443
60.3658 97.8443
57.3475 97.8443
54.4801 97.8443
51.7561 97.8443
49.1683 97.8443
46.7099 97.8443
44.3744 97.8443
42.1557 97.8443
40.0479 97.8443
38.0455 97.8443
36.1432 97.8443
34.3361 97.8443
32.6193 97.8443
30.9883 97.8443
29.4389 97.8443
27.9669 97.8443
26.5686 97.8443
25.2402 97.8443
23.9782 97.8443
22.7792 97.8443
21.6403 97.8443
20.5583 97.8443
19.5304 97.8443
18.5538 97.8443
17.6261 97.8443
16.7448 97.8443
15.9076 97.8443
15.1122 97.8443
14.3566 97.8443
13.6388 97.8443
12.9568 97.8443
12.309 97.8443
11.6935 97.8443
11.1089 97.8443
10.5534 97.8443
10.0258 97.8443
9.52447 97.8443
9.04824 97.8443
8.59583 97.8443
8.16604 97.8443
7.75774 97.8443
7.36985 97.8443
7.00136 97.8443
6.65129 97.8443
6.31873 97.8443
6.00279 97.8443
5.70265 97.8443
5.41752 97.8443
5.14664 97.8443
4.88931 97.8443
4.64484 97.8443
4.4126 97.8443
4.19197 97.8443
3.98237 97.8443
3.78325 97.8443
3.59409 97.8443
3.41439 97.8443
3.24367 97.8443
3.08148 97.8443
2.92741 97.8443
2.78104 97.8443
2.64199 96.1577
2.50989 92.1577
2.38439 92.1577
2.26517 92.1577
2.15192 92.1577
2.04432 92.1577
1.9421 89.2947
1.845 89.2947
1.75275 88.3751
1.66511 86.5955
1.58186 85.5955
1.50276 85.5955
1.42762 82.4964
1.35624 82.4964
1.28843 82.4964
1.22401 80.8909
1.16281 80.4767
1.10467 80.4767
1.04944 80.4767
0.996963 80.4767
0.947115 80.4767
0.89976 80.0625
0.854772 80.0625
0.812033 79.9002
0.771431 79.9002
0.73286 79.9002
0.696217 79.9002
0.661406 79.9002
0.628336 79.9002
0.596919 79.9002
0.567073 79.9002
0.538719 79.9002
0.511783 79.9002
0.486194 79.9002
0.461884 79.9002
0.43879 79.9002
0.416851 79.9002
0.396008 79.9002
0.376208 79.9002
0.357397 78.6641
0.339528 78.6641
0.322551 78.6641
0.306424 78.6641
0.291102 78.6641
0.276547 76.0603
0.26272 76.0603
0.249584 76.0603
0.237105 76.0603
0.225249 76.0603
0.213987 76.0603
0.203288 75.898
0.193123 75.898
0.183467 75.898
0.174294 75.898
0.165579 75.898
0.1573 75.898
0.149435 75.898
0.141963 75.898
0.134865 75.898
0.128122 75.898
0.121716 75.898
0.11563 73.898
0.109849 73.898
0.104356 73.898
0.0991383 73.4547
0.0941814 73.4547
0.0894723 73.4547
0.0849987 73.4547
0.0807488 73.4547
0.0767113 73.4547
0.0728758 73.4547
0.069232 73.4547
0.0657704 73.4547
0.0624819 73.4547
0.0593578 73.4547
0.0563899 73.4547
0.0535704 73.4547
0.0508919 73.4547
0.0483473 71.4547
0.0459299 71.4547
0.0436334 71.4547
0.0414517 71.4547
0.0393792 71.4547
0.0374102 71.4547
0.0355397 71.4547
0.0337627 71.4547
0.0320746 71.4547
0.0304708 70.5285
0.0289473 70.5285
0.0274999 70.5285
0.0261249 70.5285
0.0248187 70.5285
0.0235778 70.5285
0.0223989 70.5285
0.0212789 70.5285
0.020215 70.5285
0.0192042 70.0165
0.018244 70.0165
0.0173318 69.2526
0.0164652 69.2526
0.015642 69.2526
0.0148599 68.8318
0.0141169 68.8318
0.013411 68.8318
0.0127405 68.8318
0.0121035 68.8318
0.0114983 68.8318
0.0109234 68.8318
0.0103772 68.8318
0.00985834 68.8318
0.00936542 68.8318
0.00889715 68.8318
0.00845229 68.8318
0.00802968 68.8318
0.00762819 67.5957
0.00724678 67.5957
0.00688445 67.5957
0.00654022 67.5957
0.00621321 67.5957
0.00590255 67.5957
0.00560742 67.5957
0.00532705 67.5957
0.0050607 67.5957
0.00480767 67.5957
0.00456728 67.5957
0.00433892 67.5957
0.00412197 67.5957
0.00391587 67.5957
0.00372008 67.5957
0.00353408 67.5957
0.00335737 67.5957
0.0031895 67.5957
0.00303003 67.5957
0.00287853 67.5957
0.0027346 67.5957
0.00259787 65.7739
0.00246798 65.7739
0.00234458 65.7739
0.00222735 65.7739
0.00211598 65.7739
0.00201018 65.7739
0.00190967 65.7739
0.00181419 65.7739
0.00172348 65.7739
0.00163731 65.7739
0.00155544 65.7739
0.00147767 65.7739
0.00140379 65.7739
0.0013336 65.7739
0.00126692 65.7739
0.00120357 65.7739
0.00114339 65.7739
0.00108622 65.7739
0.00103191 65.7739
0.000980316 65.7739
0.0009313 65.7739
0.000884735 65.7739
0.000840498 65.7739
0.000798473 65.7739
0.00075855 65.7739
0.000720622 65.7739
0.000684591 65.7739
0.000650361 65.7739
0.000617843 65.7739
0.000586951 65.7739
0.000557604 65.7739
0.000529723 65.7739
0.000503237 65.7739
0.000478075 65.7739
0.000454172 65.7739
0.000431463 65.7739
0.00040989 65.7739
0.000389395 65.7739
0.000369926 65.7739
0.000351429 65.7739
0.000333858 65.7739
0.000317165 65.7739
0.000301307 65.7739
0.000286241 65.7739
0.000271929 65.7739
0.000258333 65.7739
0.000245416 65.7739
0.000233145 65.7739
0.000221488 65.7739
0.000210414 65.7739
0.000199893 65.7739
0.000189898 65.7739
0.000180403 65.7739
0.000171383 65.7739
0.000162814 65.7739
0.000154673 65.1881
0.00014694 65.1881
0.000139593 65.1881
0.000132613 64.2859
0.000125982 64.2859
0.000119683 64.2859
0.000113699 64.2859
0.000108014 64.2859
0.000102614 64.2859
9.74828e-05 63.8875
9.26087e-05 63.8875
8.79783e-05 63.8875
8.35794e-05 63.8875
7.94004e-05 63.8875
7.54304e-05 63.8875
7.16589e-05 63.8875
6.80759e-05 63.8875
6.46721e-05 63.8875
6.14385e-05 63.8875
5.83666e-05 63.8875
5.54483e-05 61.0219
5.26758e-05 61.0219
5.0042e-05 61.0219
4.75399e-05 61.0219
4.51629e-05 61.0219
4.29048e-05 61.0219
4.07596e-05 61.0219
3.87216e-05 61.0219
3.67855e-05 61.0219
3.49462e-05 61.0219
3.31989e-05 61.0219
3.1539e-05 61.0219
2.9962e-05 61.0219
2.84639e-05 61.0219
2.70407e-05 61.0219
2.56887e-05 61.0219
2.44043e-05 61.0219
2.3184e-05 61.0219
2.20248e-05 61.0219
2.09236e-05 61.0219
1.98774e-05 58.0219
1.88835e-05 58.0219
1.79394e-05 58.0219
1.70424e-05 58.0219
1.61903e-05 58.0219
1.53808e-05 58.0219
1.46117e-05 58.0219
1.38811e-05 58.0219
1.31871e-05 58.0219
1.25277e-05 58.0219
1.19013e-05 58.0219
1.13063e-05 58.0219
1.0741e-05 58.0219
1.02039e-05 58.0219
9.69372e-06 58.0219
9.20903e-06 58.0219
8.74858e-06 58.0219
8.31115e-06 58.0219
7.8956e-06 58.0219
7.50082e-06 57.258
7.12577e-06 57.258
6.76949e-06 57.258
6.43101e-06 57.258
6.10946e-06 57.258
5.80399e-06 57.258
5.51379e-06 57.258
5.2381e-06 57.258
4.97619e-06 57.258
4.72738e-06 57.258
4.49102e-06 57.258
4.26646e-06 57.258
4.05314e-06 57.258
3.85048e-06 57.258
3.65796e-06 57.258
3.47506e-06 57.258
3.30131e-06 57.258
3.13624e-06 57.258
2.97943e-06 57.258
2.83046e-06 57.258
2.68894e-06 57.258
2.55449e-06 57.258
2.42677e-06 57.258
2.30543e-06 57.258
2.19016e-06 57.258
2.08065e-06 57.258
1.97662e-06 57.258
1.87778e-06 56.8438
1.7839e-06 56.8438
1.6947e-06 56.8438
1.60997e-06 56.8438
1.52947e-06 56.8438
1.45299e-06 56.8438
1.38034e-06 56.8438
1.31133e-06 56.8438
1.24576e-06 56.8438
1.18347e-06 56.8438
1.1243e-06 56.8438
1.06808e-06 56.8438
